0.29609892
0.29609892
0.29609892
7.7259464
40.294415
5.4578705
6.210548
0.29609892
1.7367859
8.610834
6.3543386
0.29609892
51.466885
1.0950574
0.29609892
55.61272
42.817207
32.54547
1.4785246
44.117878
6.337363
6.5724964
0.29609892
76.151794
37.40804
8.224289
0.29609892
1.259081
0.29609892
6.1920247
37.377472
0.29609892
7.3635893
0.29609892
0.29609892
8.409054
1.396399
0.88345814
0.29609892
5.575766
38.27987
0.29609892
40.241234
42.690983
1.1753969
1.3358463
1.4404078
1.1808289
35.380577
0.29609892
6.1661854
5.2899837
1.518426
33.99309
35.901176
0.69511956
6.1608825
37.854282
5.978097
29.576958
6.587736
5.5078063
1.7539686
40.176987
1.5808684
0.29609892
0.29609892
0.8696742
36.71961
5.6907773
5.929294
30.27203
0.29609892
1.1537309
0.29609892
0.99983406
26.131874
0.29609892
6.6630707
1.212411
6.577977
0.29609892
1.1995944
0.29609892
5.551854
6.9375877
0.29609892
1.310616
6.3785996
39.178577
0.29609892
6.0607777
1.4748844
5.321955
42.258694
5.825192
1.1737812
41.972187
1.348311
6.7432294
32.09728
0.29609892
50.97301
30.051945
35.902073
56.569473
35.84409
55.76454
0.29609892
6.718129
6.837614
1.3745611
0.29609892
0.29609892
0.95809674
0.77801716
7.073698
26.68873
0.7575722
0.9704251
0.29609892
0.29609892
5.818044
4.7588263
1.5998693
1.2578206
0.29609892
0.29609892
0.29609892
0.29609892
6.6996894
0.29609892
43.57767
42.104763
50.325386
1.5329461
1.6762264
4.9750524
0.29609892
0.29609892
1.1979638
0.29609892
52.84217
0.29609892
6.6140194
1.6054338
5.175431
0.29609892
6.447655
7.010109
0.29609892
6.499198
6.612876
0.29609892
32.525177
1.1746206
0.29609892
6.3518624
6.5141582
35.093124
1.5977421
0.29609892
7.2575483
1.4346259
0.29609892
1.2135031
1.2324104
1.5103333
0.29609892
52.989616
1.2675767
4.790402
74.03524
1.3939881
0.29609892
1.4419477
0.29609892
0.69902587
0.29609892
53.01753
31.121473
6.8189106
1.5278931
1.6771766
0.29609892
0.29609892
38.95525
5.7678647
69.08675
1.4224308
6.689425
0.29609892
0.9393691
7.293325
0.29609892
6.840602
36.924942
1.6079624
5.424191
1.4780402
0.29609892
0.29609892
33.780537
81.56754
5.63824
4.523095
0.60925937
43.382336
42.731617
1.7405143
0.29609892
0.29609892
44.26089
6.520262
45.204327
1.4683758
5.4474163
0.29609892
53.39719
0.88347137
6.5718317
6.3321905
4.9777145
1.0010912
38.931095
0.29609892
8.498652
55.845173
0.29609892
47.524193
1.1100397
44.40885
6.875145
0.29609892
0.30707598
38.16821
5.54172
1.1571901
6.656102
0.29609892
6.165925
0.29609892
1.3058475
8.073601
6.188346
48.818813
36.409843
39.975452
5.4667435
0.29609892
42.72386
37.13483
1.2817266
6.844014
0.29609892
6.8778453
0.29609892
0.5162982
0.29609892
1.3336267
6.585873
1.1236686
0.29609892
32.87631
34.72065
7.0119886
0.29609892
46.138546
0.29609892
0.29609892
0.81085753
39.077503
0.29609892
1.3365612
6.2737846
1.3530604
1.5334957
6.776588
39.906906
0.29609892
0.29609892
1.3164191
0.29609892
6.3788953
0.29609892
0.29609892
0.29609892
0.29609892
0.29609892
1.5298251
6.770425
7.061178
0.29609892
34.036823
37.35515
41.57783
6.127679
1.2655914
1.4070292
7.38761
1.5446882
0.76236606
0.29609892
0.88168406
41.787895
0.29609892
5.954551
1.1503512
5.267677
56.184315
6.990139
0.29609892
0.29609892
7.1881814
6.8845572
0.29609892
5.8357735
38.940884
6.7421303
0.29609892
6.7572107
6.7415094
1.290817
47.596066
1.5944744
0.29609892
49.61376
0.29609892
50.61356
1.3460021
82.98374
0.29609892
5.801758
52.44383
38.82678
0.29609892
0.29609892
0.29609892
0.6690445
49.880463
4.828993
40.45463
33.66311
0.29609892
0.29609892
1.4833703
2.2362514
0.29609892
0.29609892
0.29609892
4.561093
40.71451
54.608913
47.97776
1.3470155
39.39433
0.8862636
1.3142934
1.0052842
2.2129786
6.258084
5.632349
1.5940475
0.29609892
0.29609892
40.064827
1.2988503
6.9720583
0.29609892
42.008816
7.4584346
0.29609892
39.573387
1.1187681
5.56094
0.8375138
43.50523
0.29609892
0.29609892
4.7938633
1.0420643
5.502349
0.29609892
6.785284
53.794724
4.9889755
0.29609892
7.1380405
0.29609892
5.1208563
1.3860586
7.6819067
45.94322
6.3478107
1.6327673
6.843529
44.13079
1.1773118
4.645858
1.2385273
35.621563
0.98720396
42.93502
7.55231
6.523611
0.5691833
28.672388
6.9544506
0.29609892
7.07817
1.0917947
1.2866019
34.80859
41.412434
0.29609892
43.584816
1.2364936
1.1834859
1.665955
33.682156
1.5668418
5.191296
0.29609892
1.3775024
5.618672
48.332603
48.82929
0.29609892
6.733344
0.8589108
49.583687
6.134939
6.719364
0.29609892
1.5779344
43.13457
6.3756533
0.29609892
1.2444943
37.54386
6.788615
1.3880299
41.5039
43.18283
6.8246636
1.4786586
0.29609892
0.7786005
39.68397
6.0915384
1.7182074
6.3470135
39.88051
1.1755537
6.4944887
0.97211576
6.798003
0.29609892
34.574657
0.29609892
0.29609892
5.652346
56.357933
0.6309107
6.4815664
46.37692
0.29609892
37.345596
1.7370756
38.76731
5.5571914
0.29609892
38.652428
40.596638
0.29609892
0.9047563
1.4320786
38.54249
7.0394764
0.9657717
0.29609892
1.4838295
6.8823686
23.50414
6.4484205
0.29609892
41.091507
5.774708
1.0775366
0.29609892
47.28472
0.29609892
0.29609892
5.985667
4.7114167
39.846916
5.3385644
33.496334
6.931122
0.29609892
0.9990859
6.2922535
0.29609892
1.4467566
26.683844
36.21446
1.441436
48.35771
1.266376
0.29609892
1.169095
1.5052003
0.77045596
2.0114803
5.1395965
6.022547
6.700589
0.29609892
45.906338
21.636087
6.2915425
1.6165514
64.43117
1.1141679
7.5694466
7.627481
6.075481
6.960086
1.2454267
0.29609892
29.52774
40.644695
1.944691
6.9872456
6.467607
41.39886
45.395084
0.29609892
0.29609892
6.0700645
5.4780836
0.29609892
0.29609892
43.45644
1.5447696
6.8632407
29.287718
0.29609892
0.29609892
0.29609892
1.5712894
0.29609892
1.4020334
0.29609892
0.29609892
0.29609892
1.6280676
38.139465
0.29609892
1.7802013
1.1985937
91.5555
0.29609892
1.3910768
0.29609892
1.3719838
6.283874
1.7007606
6.7109866
6.185745
6.7309275
6.9418077
5.377732
57.776054
0.29609892
0.29609892
0.29609892
1.9321337
8.553791
0.65631586
1.6473101
5.9721527
0.29609892
48.43319
6.691861
21.5021
0.29609892
0.9332602
0.29609892
1.1369406
1.7686217
0.29609892
5.556143
6.7153215
5.8971915
39.97045
41.83561
44.834522
7.10802
1.452745
1.5524788
6.300075
31.703503
1.7726505
0.29609892
7.420353
0.29609892
6.47966
0.29609892
21.369186
6.034836
47.74118
0.29609892
6.2131195
0.29609892
38.53877
1.4165627
0.29609892
6.1740785
19.757769
1.4850113
1.0523297
0.29609892
0.29609892
6.978965
8.153654
6.6633143
37.917263
0.29609892
5.568831
1.2135031
14.814984
50.798477
40.691357
0.29609892
7.407809
45.06195
5.4681797
4.918007
0.29609892
6.7918463
0.29609892
1.490273
0.29609892
0.29609892
0.9090191
1.5335932
7.1922455
0.29609892
0.29609892
6.9132156
0.29609892
0.29609892
1.4538903
1.4711517
40.798397
5.4347787
5.428309
36.57088
1.4880592
40.746048
0.29609892
39.61014
19.15824
1.2634777
36.75292
40.943035
28.918837
1.7202424
6.164394
0.29609892
31.370752
0.29609892
1.7032299
0.29609892
38.754757
1.5193158
1.4491829
43.856846
31.071157
0.29609892
5.314397
38.12268
6.324319
0.906914
1.0677963
0.29609892
39.858562
1.5223596
0.29609892
48.50167
0.29609892
1.6302698
54.163357
1.3100097
0.29609892
52.22814
1.308933
0.29609892
1.4165627
1.3193289
1.4443213
6.7331743
9.772665
1.2775494
1.5401665
5.6968246
1.5178996
53.950985
39.468708
4.8673315
1.6176833
1.5460006
6.2865286
6.5449905
34.47856
5.5890594
30.534798
42.851727
48.11473
44.477413
0.29609892
1.6275027
1.5205656
59.634323
0.29609892
1.2765851
1.1783715
0.29609892
7.09043
1.5254031
54.49778
1.6796701
6.7541513
0.9986696
0.29609892
7.019424
6.415711
6.960762
6.9511795
39.600533
19.8542
5.089814
1.3567901
1.7168877
6.7424355
40.56355
30.590702
1.0687705
34.035484
5.588398
35.640938
6.666864
1.8964255
0.29609892
53.056904
6.99097
0.29609892
1.2542253
7.58585
1.6653455
4.8351474
7.0828886
7.038518
0.29609892
1.6678386
7.2733636
0.29609892
11.301902
40.28732
0.81425977
42.32977
35.59986
1.2216834
0.29609892
34.745045
0.29609892
37.831043
0.29609892
37.105713
0.29609892
38.67405
0.29609892
0.29609892
0.29609892
0.29609892
5.0242176
0.29609892
0.29609892
32.98994
1.1654984
5.4298544
6.1706123
39.15346
1.5972358
41.104454
0.29609892
0.29609892
6.550355
41.085316
0.29609892
9.090993
1.491784
1.7666436
0.7868024
38.03565
0.29609892
0.29609892
40.342834
1.5235037
33.45769
0.29609892
6.9638824
3.7003784
1.1149639
0.29609892
5.377299
0.29609892
6.9824347
7.0416903
59.786358
6.477995
6.0419483
39.622677
2.0955565
36.04913
1.2088042
1.5803027
0.29609892
1.8297664
7.585576
1.2086142
0.29609892
5.8786964
1.3962631
0.53815436
7.0454674
44.316574
1.4248292
8.032057
36.354454
42.16495
35.984474
5.340804
47.697094
5.3987412
1.508793
28.478952
42.14949
2.0727687
6.140173
6.879176
36.72866
1.4649894
6.249947
1.5124056
33.10145
1.2391945
1.4095587
46.3159
0.29609892
6.4072523
44.832905
0.29609892
1.5821632
0.29609892
5.4118857
0.29609892
59.706234
6.722923
7.0871506
0.29609892
1.0270786
5.283618
17.198668
6.5561266
0.8270334
0.29609892
0.91653705
38.883327
1.521606
1.2646872
0.29609892
78.075935
0.29609892
7.1768456
0.29609892
7.018511
6.5228434
0.29609892
5.7777553
8.228053
42.831795
0.29609892
6.2954926
33.150234
30.413788
18.571718
5.2667027
0.29609892
1.8346796
0.29609892
5.47451
49.10928
0.29609892
7.5718536
42.852303
36.08562
1.3011843
8.150048
1.6284556
28.774021
39.95794
5.314847
8.367545
5.554224
0.29609892
6.152104
58.32047
33.524902
0.29609892
34.30153
0.29609892
0.29609892
5.2032447
43.621887
33.813805
0.29609892
1.3913215
4.767686
34.17807
34.49891
0.29609892
0.29609892
36.197857
7.3575664
0.29609892
6.2125397
1.5519819
0.29609892
17.923746
38.780006
2.016808
0.29609892
2.4607832
0.29609892
39.64001
36.693733
5.1388383
5.9391756
1.1137844
0.29609892
1.3749077
1.1388795
1.0980549
1.6233122
6.7943816
1.1662287
0.29609892
6.80903
6.386302
1.7006207
6.0037885
44.758022
1.5327523
26.784773
0.29609892
6.7967315
6.2791643
8.631158
56.3393
1.7117915
38.176865
0.29609892
0.3372119
1.2528443
0.29609892
1.516858
0.29609892
0.29609892
6.295347
1.1688343
0.29609892
15.095358
2.1572995
1.269151
5.311673
1.6244377
37.707893
25.582548
0.29609892
0.29609892
0.7886753
6.7183037
38.72252
0.29609892
1.3729119
0.29609892
43.811214
1.7174127
57.336773
39.52819
0.29609892
0.29609892
12.1978855
5.3589997
6.247403
0.29609892
0.29609892
6.532531
1.0615957
0.29609892
46.50067
35.40922
0.979108
49.153164
6.989971
53.653416
6.080006
1.7925185
1.4179492
57.83101
1.7721049
7.1353664
19.942472
52.92106
2.3533223
1.6444408
1.0085657
5.3975315
47.48119
1.5176057
37.26612
1.2565879
0.29609892
5.099014
5.4716215
0.29609892
0.29609892
6.212427
5.0772166
37.121006
5.6338654
1.4460357
1.0770504
1.5302181
1.2629327
1.200296
0.29609892
7.305083
0.29609892
0.29609892
36.368275
4.4545026
0.29609892
50.50461
1.1295124
0.29609892
1.5079714
39.057423
37.086514
36.761555
1.5387366
1.174962
41.286533
6.2289333
0.94047177
50.058716
6.971139
49.03583
0.29609892
42.848324
0.29609892
50.05471
1.6655343
0.29609892
0.29609892
1.5528991
6.726638
5.355611
1.4094002
6.21174
0.29609892
6.441684
0.29609892
1.2687193
1.2183634
5.7097206
6.9195623
0.29609892
0.29609892
5.1516166
52.364635
6.888527
6.3370256
1.1403017
0.29609892
1.4416859
67.10968
5.6614313
36.330936
24.076517
5.488147
33.997066
7.157936
40.777706
0.29609892
0.29609892
38.99091
0.29609892
0.29609892
42.730694
40.304073
0.29609892
0.29609892
0.5729886
0.29609892
0.29609892
6.695053
6.782162
0.9928415
0.29609892
1.2562383
6.011879
1.5647795
1.1772603
0.29609892
43.62056
1.1156634
0.6511773
1.2605723
1.33558
5.1820765
37.49387
49.291637
0.29609892
0.29609892
58.902325
1.1627674
0.29609892
1.2967851
0.29609892
6.97622
1.3161134
6.8221064
0.29609892
1.7962886
0.29609892
33.379803
0.36174214
1.481602
0.29609892
51.43854
0.29609892
0.29609892
1.3982184
7.273865
78.75694
0.29609892
39.842686
0.29609892
48.757233
5.776347
7.3155556
0.29609892
34.22382
1.4199631
5.9991994
43.12637
46.350113
3.4176095
41.72095
1.2736753
46.741367
6.1961026
1.3084902
40.629894
40.722927
6.116566
1.113521
0.29609892
0.29609892
0.29609892
1.2946655
1.5643185
46.968197
0.29609892
0.91992295
22.863167
7.9751563
10.4428835
0.29609892
6.831583
1.3573916
1.4511449
30.020182
1.030237
53.338947
1.6057836
1.4271327
6.6956425
38.39323
0.29609892
42.077557
0.29609892
88.044174
0.29609892
0.29609892
0.29609892
5.7076416
1.7936848
1.2485814
5.2221923
1.4428262
40.55709
33.558125
55.279858
49.085682
0.29609892
35.93392
6.3431053
0.29609892
7.0275207
1.1426938
6.6994896
4.681202
0.29609892
4.8917828
1.2338915
38.591423
10.988281
0.29609892
0.29609892
0.29609892
4.7519765
1.9974358
1.1984227
0.29609892
0.29609892
6.5079384
46.53473
0.29609892
31.400015
54.773556
40.09623
1.1018031
0.9032531
6.9254074
1.5152835
1.027267
6.6448393
0.29609892
1.5447978
58.63525
53.816326
48.529476
40.49799
0.29609892
44.4443
35.95753
2.170989
1.3718166
1.7316836
0.29609892
1.3575253
0.29609892
0.29609892
6.495611
0.29609892
36.20391
37.037464
1.9305898
1.6771661
0.29609892
0.29609892
0.29609892
0.29609892
1.4738146
0.29609892
6.403466
0.29609892
0.29609892
7.3615675
1.0382423
0.29609892
1.2611315
0.29609892
0.29609892
0.29609892
44.663128
0.29609892
1.4737477
7.207572
50.88171
0.29609892
0.29609892
41.7037
0.29609892
31.185211
0.36174214
0.29609892
0.29609892
1.8362298
1.2243462
32.75378
6.69926
0.29609892
5.289572
5.663095
2.1887488
1.4506253
0.29609892
0.29609892
5.8630853
6.9583807
0.29609892
6.003763
43.12026
0.29609892
5.284499
24.59717
0.29609892
6.328847
23.297602
1.5726264
5.146131
63.77808
0.29609892
41.608414
0.29609892
55.948086
7.123249
40.348194
7.1575375
5.3249807
43.73037
39.14828
38.988674
0.29609892
27.231014
0.29609892
0.29609892
38.242184
53.256107
8.194429
0.42585796
7.0342913
1.2536228
5.420307
40.29357
1.4813552
0.29609892
6.8649454
35.657803
6.5955653
29.041025
31.90794
40.64964
1.2376171
43.386868
4.6329484
5.7096944
1.3672861
0.29609892
0.29609892
6.442412
41.309475
6.4052753
0.29609892
0.29609892
5.2384624
1.566684
39.60908
5.340106
5.8018208
37.45666
48.883373
6.512336
1.0859537
1.122789
1.2235514
39.939823
1.0305977
1.3463218
0.77066875
1.5880091
1.7283052
35.82967
6.421109
48.140087
0.29609892
1.1740484
2.165328
1.6322562
6.551138
0.29609892
0.29609892
0.29609892
6.730505
12.037781
0.29609892
1.8099471
0.29609892
1.3080958
5.371686
6.956219
6.42669
59.636265
1.3662739
0.29609892
0.29609892
0.29609892
5.7429867
9.002083
4.9751635
7.2196903
6.1183333
7.1126738
1.160996
1.4531025
44.278404
26.558752
0.29609892
1.6256193
0.29609892
0.29609892
0.7775083
0.29609892
0.29609892
46.72684
1.3779551
40.388607
1.4701937
6.842328
39.13726
0.29609892
0.29609892
7.4437847
7.4435024
6.9527774
6.9071684
80.6573
0.29609892
6.641617
40.479786
0.29609892
6.623459
38.27708
0.29609892
7.104785
25.47756
0.29609892
1.0305977
5.9754586
6.9858003
0.29609892
6.656102
5.1663675
69.977516
0.29609892
0.29609892
6.5250616
1.4348676
1.3951952
1.5349919
0.29609892
1.1583186
7.1732006
44.657238
1.3844678
4.819133
48.21632
1.8784015
6.7115192
6.847783
6.3774533
41.61871
1.1434842
6.647439
32.74364
7.8213196
0.29609892
37.297974
0.29609892
13.849396
29.245749
38.60816
0.29609892
38.697323
1.0526966
43.527157
43.33202
1.4283069
7.20052
1.55684
7.2120404
0.29609892
0.29609892
6.726209
7.333389
6.329647
43.147156
53.0316
1.6035931
25.48585
11.65205
1.1434842
5.0685916
0.29609892
0.29609892
0.29609892
1.2342073
0.29609892
46.42053
0.29609892
41.818172
49.979885
0.29609892
66.670074
1.2978065
0.29609892
1.5680454
1.2128512
0.29609892
1.4198714
6.586353
1.1868838
1.5568491
42.50221
0.29609892
1.3201773
1.2205167
37.275017
5.341013
0.29609892
0.29609892
0.29609892
1.2474655
48.949467
33.6168
0.29609892
0.29609892
6.3978763
6.147785
1.0097457
6.051942
36.873787
6.9644294
6.215187
5.631206
1.4288784
5.6828904
19.89797
40.722923
1.3840457
1.9413141
6.821612
0.29609892
0.29609892
5.301799
1.2475473
1.6001855
0.29609892
4.9217477
7.086595
4.6427965
1.3180817
1.408289
1.2294447
49.77757
1.3799796
50.542088
5.0630684
5.0647717
48.078453
1.4410485
29.953005
0.29609892
0.29609892
1.5206852
4.855713
0.29609892
33.431843
7.1600227
0.29609892
5.7112455
0.29609892
6.0256205
1.5160204
8.209478
0.29609892
0.29609892
0.6122941
1.4709489
1.0216893
1.4088936
36.406258
0.29609892
42.510067
1.1383711
1.4875708
6.895366
6.371894
4.899392
0.29609892
63.977047
7.904627
40.73062
35.558506
44.2135
0.29609892
0.29609892
0.29609892
0.29609892
35.888264
40.235126
0.9026686
32.874943
48.817287
6.504401
1.4660286
44.954647
5.623621
46.467014
1.2121392
35.1294
39.865345
41.182167
0.8354602
1.325986
6.794509
46.091084
1.2890087
1.5466073
0.29609892
1.2763904
0.29609892
46.426327
1.4620395
0.29609892
1.5271288
6.246381
1.20415
1.7588495
5.950472
1.3504107
43.177193
1.5638106
1.1651456
37.44342
0.29609892
0.29609892
0.99869394
0.29609892
6.679714
1.7027824
0.41633534
6.9062505
39.351166
0.29609892
0.29609892
0.29609892
37.063667
0.29609892
6.825597
6.555455
0.29609892
42.837265
1.0934741
0.29609892
5.544147
6.364414
6.941716
59.769615
1.9687899
0.29609892
1.5343379
1.5515397
7.074912
0.29609892
6.3708982
0.29609892
1.4424257
0.29609892
1.4146792
0.37818664
38.5258
1.9695532
14.829927
5.4222116
5.3259234
6.780779
0.29609892
5.8058996
44.08733
0.29609892
0.29609892
1.3742498
33.25372
49.42297
0.29609892
0.29609892
53.176167
0.29609892
1.812394
6.25721
6.371435
0.29609892
2.859693
1.817139
6.0468206
0.29609892
0.40704778
46.707138
0.29609892
1.3237562
43.365635
5.0741014
1.1510727
37.50224
1.34659
1.0572753
1.4809185
0.29609892
5.7376895
1.4361852
1.478194
0.29609892
1.2053663
24.689592
1.6305254
0.29609892
57.114727
5.7970138
34.460056
29.405785
37.73778
1.2044075
1.6076035
32.384426
9.106192
1.4941498
25.667055
32.705917
45.143562
0.29609892
0.29609892
0.29609892
7.228013
0.29609892
0.29609892
5.0961037
64.395226
6.661495
18.737036
0.29609892
0.29609892
0.29609892
54.346394
0.29609892
6.5240264
7.414648
1.2160785
2.497042
1.7424015
42.061737
39.593567
0.29609892
0.29609892
37.954453
35.86891
1.3901068
0.29609892
0.29609892
58.107952
1.4840463
32.2722
48.114613
1.347241
6.0032964
0.29609892
0.29609892
6.6348295
1.5330565
0.29609892
1.3330791
0.29609892
39.64965
1.3292778
1.1234368
42.362885
1.4100238
15.473242
1.3203808
0.29609892
38.270245
33.021645
1.5969089
1.6108916
0.29609892
1.0607355
39.31114
0.29609892
21.62083
1.8262056
37.63711
0.29609892
51.723267
37.067745
1.5188086
6.747733
1.3035207
1.519599
6.530424
1.5832415
0.29609892
38.03265
1.1856382
0.89361763
0.29609892
46.261776
45.884113
6.9218655
38.20075
0.29609892
30.888369
5.6239824
7.017746
6.844784
6.91053
41.7386
0.29609892
5.8955255
0.8165176
0.29609892
5.454757
36.826904
46.801353
28.988031
0.8625072
61.541885
1.3356612
49.459297
38.195404
1.3667133
0.29609892
0.5813181
11.140854
0.29609892
1.2967851
28.228273
0.29609892
0.29609892
1.9719646
6.6633224
0.29609892
4.9386983
2.2172823
6.2965174
6.7773104
1.3287504
5.6204834
1.570136
1.5431831
6.905547
38.865864
44.70731
1.3952192
41.5362
2.7882807
4.4973974
1.2371901
0.29609892
0.29609892
6.462964
6.5423784
38.287403
6.811538
6.6681757
0.29609892
0.29609892
0.30275363
0.29609892
0.29609892
1.306145
44.7793
6.761179
7.099256
42.170696
1.9432585
1.5337436
7.1292834
0.29609892
1.2306342
0.8365481
0.29609892
0.29609892
6.998172
1.3610035
7.099348
0.29609892
0.29609892
24.095686
0.29609892
1.4422716
0.29609892
40.542313
1.6120656
1.8600247
0.29609892
30.773777
4.630529
50.849377
41.198254
1.4709727
1.159837
0.29609892
41.562115
8.439438
7.288904
0.29609892
0.29609892
6.8952484
1.3759092
1.4507334
28.209135
1.5963583
0.29609892
1.8577704
6.8673077
42.79146
7.170715
7.978386
0.29609892
1.2053663
1.4888269
35.70991
39.027855
0.29609892
2.5270708
1.5833334
6.64964
6.082856
1.4093496
16.789927
7.043643
0.29609892
89.65144
6.332268
47.196903
5.605908
5.119281
40.679523
1.3018589
2.1415744
6.1530395
34.37547
0.29609892
1.0872253
0.29609892
6.0477867
38.380886
6.9516973
6.802205
1.1922784
0.29609892
1.3532634
0.29609892
0.29609892
0.43633026
6.0655394
1.5182968
1.0967293
1.1814134
52.405636
0.29609892
41.47442
0.29609892
1.0221976
1.0523297
1.5763941
2.0258636
45.665894
0.29609892
1.7700093
28.904116
44.313572
4.5626307
0.29609892
6.4925637
12.041425
5.6829915
45.52555
6.7593994
6.9236755
1.1650574
1.8756353
7.0817366
0.29609892
36.31446
6.617201
1.1912628
0.99669886
1.5194597
5.734682
0.29609892
34.879093
6.836992
0.29609892
1.3463218
4.7235923
27.192137
0.29609892
22.954025
1.7406459
0.29609892
5.5373383
3.9169939
1.3283298
8.659216
6.833028
6.8980885
0.29609892
0.29609892
6.5979967
0.29609892
42.09041
5.99191
0.7375665
6.647784
1.6028984
30.492773
0.29609892
39.874237
21.875292
0.29609892
7.1334553
42.04187
48.28771
0.29609892
5.275131
0.29609892
7.0471992
48.54072
39.188213
1.5337436
0.29609892
0.29609892
5.332847
0.29609892
6.734001
0.29609892
0.29609892
6.6325817
6.969315
0.29609892
1.5326365
5.6839695
38.468082
1.5941044
1.5693599
1.6345115
1.6504159
0.29609892
4.5286894
0.29609892
0.29609892
0.8290366
2.0728683
29.872293
1.0802339
0.29609892
5.2771487
0.29609892
39.6958
7.9162593
0.29609892
0.29609892
40.836376
5.9355755
7.538618
6.3227897
0.29609892
32.7979
1.6707834
0.29609892
1.2018857
1.365735
39.8848
50.122112
5.7171607
0.29609892
46.589924
1.4311504
47.930775
6.556035
5.377299
42.92458
38.044968
30.723299
6.9529963
0.29609892
0.29609892
0.29609892
6.335019
39.935246
84.24305
0.29609892
6.0930185
36.108902
5.466758
0.29609892
38.42112
7.1273603
0.8914604
0.3740071
0.29609892
1.1424711
5.3642945
47.362118
1.4150842
6.8632407
44.568066
39.87617
5.800267
1.63973
42.99247
6.9269133
35.52988
0.29609892
0.29609892
39.612263
1.5324936
47.867104
4.379938
40.355553
1.6815171
57.973057
55.815052
1.3678435
6.656554
0.29609892
45.30895
0.29609892
53.79856
6.4198685
0.29609892
41.893707
57.45744
0.29609892
7.212076
0.29609892
42.69708
0.29609892
0.57841814
0.29609892
0.29609892
1.5820563
50.527676
38.5337
1.3522195
1.5329815
1.3729119
6.148958
0.29609892
0.29609892
35.284924
6.019367
0.29609892
8.663226
1.1744149
1.3958242
6.4544625
6.2180824
1.3566412
1.2669426
1.3860586
1.1001292
1.583312
6.9530296
7.2936277
1.4635745
38.556187
0.29609892
6.668001
36.816753
39.93431
0.29609892
6.333905
0.29609892
0.29609892
36.292282
0.29609892
0.29609892
6.2454443
43.53538
7.1481276
0.29609892
0.29609892
11.939632
5.0435147
5.419499
1.7119718
8.287921
4.7571115
4.908491
7.051928
5.7021503
0.97996354
8.218971
47.096336
1.3927842
42.886894
1.4960768
53.720726
1.2929872
1.2843225
0.9190036
5.268938
0.29609892
0.29609892
1.405427
53.237926
1.2836031
1.8394004
2.407218
0.29609892
0.29609892
0.29609892
62.791603
1.0499628
1.0087202
32.248882
6.772676
44.707115
43.452717
6.3470745
48.786896
0.9384048
0.29609892
6.8613567
1.1012594
5.0905085
5.4426594
23.157183
0.69204015
0.29609892
0.8448113
5.6286573
6.8543763
1.5663692
0.29609892
42.736202
1.5079714
5.1133213
6.4567685
5.1020126
7.691313
1.017012
0.29609892
26.625456
5.9055996
37.429153
7.167831
5.8293104
0.29609892
45.781544
41.277435
35.525776
0.29609892
0.29609892
1.5465369
6.314878
6.9207335
1.2779533
1.1948278
0.29609892
32.652546
32.6413
41.328663
39.045975
7.110489
1.5790559
1.3519288
0.6156843
0.29609892
38.961987
6.9964647
0.29609892
7.095477
6.4279995
6.8100653
56.67374
1.5762622
1.1101292
1.2869656
5.468414
0.29609892
1.3660663
1.1187181
1.0041624
23.932516
13.317261
6.125292
6.040806
7.170268
43.818447
1.2369156
1.4516829
1.2614179
5.0533757
0.29609892
0.29609892
0.29609892
0.29609892
0.29609892
6.701746
6.7945504
0.29609892
5.2456107
5.663095
31.573679
5.25975
43.39327
5.311637
0.29609892
0.29609892
51.477634
6.471447
0.88373244
0.29609892
8.799022
37.987236
0.29609892
0.29609892
1.225355
0.29609892
38.461876
0.29609892
37.80488
6.98547
5.3184223
6.8946905
0.29609892
1.3549776
6.7632737
1.333605
0.29609892
6.3831472
53.61449
38.494347
0.97475374
0.29609892
0.29609892
47.098682
0.29609892
0.56296176
33.645924
47.043552
7.3743052
1.4699589
8.15235
6.9835043
8.022039
41.37011
41.092857
46.090378
27.10443
1.389011
5.5172157
48.240078
40.23915
39.216667
0.29609892
1.75652
0.29609892
0.86007357
38.539894
41.58254
6.605881
0.29609892
7.015832
25.529415
42.114635
1.319371
39.954376
40.845985
5.1250553
0.5117632
0.29609892
1.918809
0.29609892
40.636463
1.0224148
1.0874077
28.947588
1.2460133
6.776091
0.29609892
0.29609892
39.46181
1.4604214
1.3497605
0.29609892
1.5769099
0.81362104
59.03528
66.245544
7.253782
61.166332
1.6776986
1.3320233
50.751358
6.4442115
53.516224
1.404825
1.1245711
1.2256876
6.3007016
48.85282
1.4027262
0.29609892
1.6206462
0.29609892
0.9269283
0.29609892
6.635603
1.2177444
44.40941
1.3517474
5.720653
7.231415
0.29609892
0.29609892
24.872145
0.29609892
0.77930796
26.762283
0.6394645
1.2060945
1.3100097
6.686358
6.6963143
36.909157
47.02235
39.523167
1.2037096
0.29609892
1.9883295
6.7537365
6.795974
0.29609892
51.140667
38.441326
6.1431036
48.155437
1.4711517
1.4072227
1.4258796
42.863903
45.90075
7.2069635
40.206264
21.986425
0.29609892
0.8172438
0.29609892
37.125175
26.865545
9.897203
39.424763
4.9292107
37.28781
41.566093
7.1159735
0.51888824
1.3445956
1.637924
38.35787
6.828266
0.29609892
37.393307
0.44360098
0.29609892
0.29609892
0.7795843
36.03416
7.041888
0.29609892
0.29609892
62.940533
5.70506
6.5060177
4.963138
45.806908
0.29609892
34.934937
1.5223596
6.9449244
64.02936
40.86997
40.047886
29.269333
40.126026
1.4906147
1.9212906
45.50541
0.29609892
0.29609892
6.2710447
0.29609892
6.0739574
36.27431
6.691846
5.9024143
0.29609892
0.29609892
1.34682
6.6280904
0.8853221
0.29609892
33.98448
6.115268
0.88067186
5.3389525
0.29609892
36.491856
1.1427102
41.641876
34.542786
0.29609892
1.1049359
41.24357
0.29609892
0.29609892
1.692276
0.29609892
1.3885392
0.29609892
7.0519915
1.0437462
0.29609892
1.2678003
28.735428
6.295177
0.29609892
0.29609892
5.2176104
0.29609892
6.405324
5.5897856
0.29609892
1.2408665
57.016487
1.7962886
1.4352375
7.112731
1.5407555
1.122836
36.753216
31.29644
0.29609892
1.3495587
40.917164
8.380989
4.91623
35.977123
0.29609892
6.9381638
44.39359
1.6770248
7.287733
34.38341
0.29609892
67.40025
1.4367256
18.162596
1.3082789
0.29609892
38.21864
0.29609892
0.29609892
45.95864
6.462031
54.53429
0.29609892
55.79616
1.3394157
0.29609892
1.5130485
1.5203378
0.29609892
0.29609892
54.786892
1.6585841
5.823461
0.29609892
5.4071507
0.29609892
1.308298
0.29609892
36.065876
1.1547389
1.0785282
37.84216
1.7613986
1.2377287
7.0749784
1.8665833
0.29609892
6.0748467
0.29609892
0.29609892
0.29609892
7.1791763
55.713306
1.1728202
1.3968655
1.3613528
6.9366035
0.29609892
7.2990384
0.6197138
1.2622234
0.29609892
48.701965
4.519187
6.669554
6.1032863
0.29609892
41.459934
7.0935674
1.2323481
5.4817934
5.9960823
53.64588
0.29609892
1.2592062
0.29609892
0.87396884
0.29609892
33.764103
1.4573816
1.5705752
0.29609892
6.620782
0.29609892
1.1981313
6.739049
0.95650136
0.29609892
6.391025
0.90197885
1.3867706
55.966576
1.5995104
34.334972
5.1874795
41.443
46.744648
0.29609892
6.411931
34.02968
1.2128161
0.29609892
5.9568973
0.29609892
6.6856213
0.29609892
0.29609892
32.204514
0.29609892
0.29609892
1.4404233
0.29609892
6.970656
35.89631
50.581482
40.461777
6.7416725
1.580361
50.69783
40.461216
0.29609892
6.1885195
5.7550154
0.29609892
40.435257
39.937374
43.723984
1.663494
1.4118644
4.4877253
7.160434
7.026227
0.29609892
0.29609892
0.29609892
34.456425
54.90972
0.29609892
0.29609892
1.1669848
6.72885
7.1856956
0.29609892
0.29609892
6.56479
44.83609
6.1381817
50.551968
0.29609892
1.3329723
0.29609892
7.265347
6.3929358
31.616951
33.89419
1.2047695
45.321712
6.592917
47.040874
0.29609892
46.161377
0.29609892
0.29609892
6.4674063
0.29609892
5.123375
39.5917
39.94749
40.75234
6.205218
6.688146
54.18251
43.579582
6.066204
0.29609892
1.552373
0.29609892
5.3737807
0.94480336
1.4308984
0.29609892
0.977831
1.2287232
7.4859066
1.4250505
5.549469
37.184315
43.548534
1.5157144
1.205438
69.18722
0.29609892
0.29609892
0.29609892
41.21928
12.48819
1.3209529
6.705723
0.29609892
1.0375185
1.1024327
43.220165
6.4388876
0.29609892
1.2687193
0.29609892
5.021778
1.5130485
5.633068
0.29609892
1.3497024
0.29609892
36.211742
0.29609892
6.5484753
1.5431746
0.29609892
30.563242
1.3170465
40.904873
1.3895469
1.4389917
5.26844
0.29609892
1.5895337
5.700982
0.29609892
0.29609892
32.571255
0.29609892
0.29609892
6.0906334
37.68759
7.217348
6.7613087
0.29609892
1.2129524
39.077953
0.29609892
41.203465
0.29609892
53.612343
1.975567
0.29609892
8.113566
35.838707
2.1733053
57.44318
6.137663
0.9328042
1.4121
0.29609892
39.14683
41.502666
47.21791
1.6381497
0.6781884
6.150953
0.29609892
0.29609892
37.22826
1.5351162
1.1482067
0.29609892
1.4516829
0.67367035
0.29609892
0.29609892
0.29609892
7.110489
0.29609892
57.864388
55.058083
0.29609892
0.29609892
36.611294
6.2973957
1.3050938
6.828428
5.827284
34.248196
38.666008
6.6430902
26.348162
1.0450735
0.29609892
43.950153
34.306095
0.29609892
0.29609892
1.5535481
7.1243105
1.6086408
35.897808
1.4832675
45.53089
38.13096
1.8303694
2.1572995
31.474318
0.29609892
39.921925
0.29609892
6.8757
39.60433
0.29609892
47.32073
1.4307885
40.864235
6.9532886
46.09231
5.3395295
1.454039
50.79492
54.37324
47.74374
0.29609892
6.149016
34.163692
3.950031
30.88424
5.0754175
1.1324131
0.29609892
0.29609892
8.016743
33.389454
6.572239
0.29609892
5.9861145
0.29609892
0.29609892
5.9150114
0.29609892
46.992306
1.3112621
0.29609892
35.851303
1.259081
62.752842
1.2981211
1.0771285
38.16484
39.77564
5.6517153
6.678066
0.29609892
1.4854757
0.29609892
19.631926
1.3182484
0.29609892
0.29609892
0.29609892
28.371363
5.6009665
0.29609892
1.039376
5.4427986
1.243156
0.29609892
1.1693792
1.3354954
0.29609892
0.71362615
1.6194892
39.60696
41.886375
0.94536066
38.424572
37.971657
0.8684497
1.5049928
16.327055
1.4635745
28.279829
6.577409
7.0053334
5.1316566
34.42919
8.33684
41.82653
1.4971195
41.21483
41.75601
6.7716966
56.700912
46.492535
33.57343
6.5673246
35.348125
1.5638106
7.026078
47.416264
1.5194383
43.692726
0.29609892
35.728214
5.0873394
1.7671846
6.5747466
0.29609892
5.6154633
1.2030575
5.3755603
5.4020004
0.29609892
44.98653
44.148407
44.98908
40.064617
1.2776153
0.29609892
10.088539
1.3802499
1.267165
1.4665041
0.29609892
0.29609892
7.3651857
42.421894
1.5343379
40.040863
1.4161314
6.618737
0.7021876
17.144838
5.737907
6.3095846
0.29609892
1.4319391
6.5487514
6.420662
0.29609892
6.6608634
42.93199
30.268353
6.3541293
0.29609892
6.610085
1.0747187
0.29609892
1.0673082
5.4340734
6.714118
51.06538
6.960194
1.9477676
6.075717
0.29609892
0.44270748
0.29609892
6.350123
0.29609892
44.622692
1.404062
0.29609892
32.253513
1.5705752
1.1946905
5.797454
5.5041146
0.29609892
6.224321
5.23338
1.3505405
0.29609892
1.4881473
1.2393675
7.392069
0.29609892
37.56381
1.0186447
1.7792695
1.05334
1.5750129
6.359452
5.4398746
39.073215
6.6867228
5.8116293
35.104206
0.66866887
0.29609892
2.1541228
36.405483
1.2096175
32.992664
1.1789434
0.29609892
52.285854
36.660183
38.209435
0.29609892
1.338186
5.1558146
0.29609892
5.049176
7.1276383
37.922398
1.4956414
42.169376
0.29609892
36.871494
0.29609892
0.29609892
97.30206
0.29609892
7.4294376
0.29609892
0.29609892
1.0734981
0.29609892
0.29609892
7.0082946
40.17652
0.29609892
1.302877
6.783042
1.4054646
0.29609892
0.29609892
1.5344164
1.7603331
0.29609892
27.582071
1.2111084
42.8122
47.14502
0.29609892
0.29609892
0.29609892
0.29609892
0.29609892
45.779655
0.29609892
0.29609892
0.65684795
43.87798
0.29609892
0.29609892
38.632183
0.29609892
8.0236025
38.315563
1.2831717
6.827095
40.233868
36.40316
1.5889269
0.8717985
50.75073
1.3277662
6.1458445
6.1843534
1.3907033
0.29609892
1.9956957
6.7556744
1.2832434
47.035664
38.717068
1.5836226
1.267604
31.947832
57.314594
6.7470684
1.3223828
1.460595
45.028732
49.393345
6.141039
0.29609892
7.913582
0.29609892
40.4076
1.6071819
1.4778928
6.8730817
5.5260286
42.81634
0.99869394
0.29609892
53.622437
0.29609892
6.909414
0.29609892
52.3692
6.7527294
40.64709
0.29609892
0.29609892
1.5092081
5.280096
6.567869
0.29609892
7.040527
2.1382875
41.06205
0.29609892
12.211188
40.70444
0.29609892
5.7306023
35.642883
0.29609892
1.561725
0.71201205
6.3886747
56.388714
1.7464213
7.1609354
1.3046131
0.5463077
5.3294616
7.0470276
0.29609892
25.578829
1.3352523
0.29609892
1.1143116
5.254841
41.258507
50.57929
5.6537285
36.018093
1.481602
6.0056458
0.29609892
1.1358149
39.352062
4.878364
1.4702243
32.327923
46.47729
79.739624
0.29609892
42.675827
1.3504558
1.6659694
1.5594199
1.2051597
5.042404
0.29609892
1.4444156
0.29609892
40.065792
1.4032527
6.6168623
40.640392
0.9973687
1.2994446
0.29609892
5.2055483
42.677307
19.9688
5.7058296
0.29609892
0.29609892
43.478447
6.607526
0.29609892
0.29609892
5.2628045
5.1597757
7.0289216
0.29609892
1.4484491
1.4405383
0.29609892
6.0403743
39.472584
6.028328
1.2448477
0.29609892
1.4322428
5.036313
1.411012
6.2236624
41.487576
33.442863
4.232307
5.575766
6.4058123
38.441326
37.92138
0.29609892
6.1916404
0.8750496
5.803605
0.29609892
49.466236
6.13243
0.29609892
7.1809006
37.11495
46.28812
0.29609892
1.1050837
5.2796445
5.7405376
0.29609892
0.7402898
25.382797
27.175596
6.615504
0.29609892
44.49322
49.857285
6.492349
27.714022
0.29609892
6.858922
41.81595
0.29609892
6.737579
7.0959916
1.365395
1.4210043
1.1996409
4.5187774
1.282407
6.8671365
1.5369493
6.310608
6.90147
46.979496
1.484843
0.29609892
6.221502
0.8840679
37.88415
0.7703762
6.221963
1.3001177
1.1991066
0.29609892
1.5572441
0.29609892
41.30928
5.3666472
0.29609892
0.29609892
1.4631239
6.046546
7.3281336
1.6688796
33.566734
0.29609892
3.9565208
6.357544
0.29609892
6.587493
1.2393675
1.8663293
0.29609892
1.0629542
2.0887914
6.5945287
5.950508
36.070454
0.29609892
8.157393
0.29609892
0.29609892
6.2115235
0.7561774
1.4142058
5.1322894
4.941514
0.67367035
1.5062512
4.9656105
1.5486712
0.29609892
6.0147905
0.29609892
1.100358
1.5519819
1.4413074
0.29609892
0.29609892
6.749097
38.099968
0.9091103
0.29609892
9.640131
33.850437
0.29609892
1.2734985
1.4351039
0.29609892
0.29609892
52.22814
7.9487944
39.709236
36.1641
45.731907
1.5313194
1.5762622
40.577
37.186314
49.774143
4.6621995
35.956043
0.29609892
0.29609892
1.3484218
0.29609892
0.33229148
0.29609892
40.517193
33.812534
2.2540572
0.29609892
7.3956327
1.4308631
7.1089363
0.29609892
5.540584
6.645116
6.982854
0.29609892
1.2733824
0.29609892
41.461098
20.458858
38.730576
1.1313536
1.2740781
1.2435478
6.8229256
5.093455
41.45649
1.4042449
0.29609892
1.3470808
0.29609892
6.1077337
0.29609892
1.4179184
0.29609892
6.946286
6.8194413
0.8072326
0.29609892
0.29609892
4.4658546
39.360607
38.75494
4.925437
0.29609892
0.29609892
1.3449892
0.29609892
0.29609892
1.0211122
69.79364
24.404
6.2660847
0.29609892
52.399544
6.87652
0.29609892
1.4192157
1.051539
43.024918
39.880573
0.29609892
1.9271201
31.22881
1.3530768
20.159313
42.236183
1.077619
1.1046094
0.29609892
39.072697
5.7605987
1.6454927
0.29609892
0.8712027
0.29609892
5.077838
0.29609892
6.04258
37.325275
5.4737816
45.64086
0.29609892
45.031094
6.272586
29.407835
0.29609892
36.85153
38.076046
6.41753
6.8595047
0.94791913
40.775646
74.03228
0.29609892
1.3083843
47.77501
5.006252
6.808424
56.42478
1.8701025
0.8310816
19.28625
11.1785755
1.2775353
40.050613
6.743479
47.95909
41.43023
0.29609892
1.9158522
0.29609892
1.1009467
25.606745
1.5912586
5.1840625
1.4002526
55.785603
1.1662287
0.5285631
1.358465
1.240494
6.632012
0.29609892
1.3910768
0.29609892
1.3681403
6.8175793
4.881423
42.11874
0.29609892
5.4779654
32.28515
5.2046885
1.4764241
6.3215647
43.48779
28.186361
54.191654
0.91897273
0.96750546
6.665391
46.11934
0.9905462
1.427045
1.6336515
0.29609892
0.29609892
0.29609892
1.632628
5.483679
1.2363058
1.8297664
1.3047631
0.29609892
6.175726
0.29609892
1.6247786
6.7184973
0.29609892
45.22149
37.92658
14.425177
0.29609892
38.684822
0.29609892
5.3415155
0.29609892
5.3015223
40.583473
1.6750036
1.1116929
1.6243228
0.81464434
0.29609892
5.739092
5.992169
0.29609892
0.323876
0.29609892
8.634347
42.053093
37.813953
0.29609892
27.472475
0.29609892
6.115326
34.96254
1.3912065
1.2928811
1.3376502
0.29609892
0.29609892
0.29609892
37.56138
0.29609892
0.29609892
0.29609892
4.32075
5.0259666
0.9154004
7.317159
0.29609892
0.29609892
0.29609892
1.0083884
28.38981
1.345345
5.4392195
37.91053
0.8310863
6.61437
55.830383
42.93752
6.43135
0.29609892
29.58706
0.29609892
4.997188
0.29609892
6.9613566
0.29609892
1.1960762
1.0290165
24.682852
43.471344
0.29609892
0.29609892
0.29609892
5.340106
5.2087107
37.295845
30.456533
1.1478304
0.29609892
0.29609892
4.646411
0.29609892
1.3077049
1.6711214
1.2967854
6.824299
42.025944
6.649888
8.151662
1.5288956
0.29609892
39.67759
49.206146
6.3785076
38.71067
5.44396
0.29609892
6.6245937
1.3350449
36.611423
1.3803346
51.209526
0.29609892
0.29609892
4.7881207
0.29609892
1.0865613
35.71797
0.29609892
1.5118947
6.178948
0.29609892
0.29609892
7.0821657
56.125206
7.68606
1.5447978
53.43176
0.29609892
0.29609892
0.29609892
0.29609892
35.898884
0.29609892
0.94900036
1.27129
6.927942
44.10393
5.3769894
53.3281
27.26941
2.2200496
28.993643
0.29609892
7.2441015
1.5177891
0.29609892
0.29609892
4.4074197
51.58184
1.4683771
45.88556
1.6672857
0.881686
6.4935365
7.189308
1.5049073
38.413532
5.5164213
8.47698
59.411156
5.205858
6.8382053
7.38411
1.1042135
0.29609892
5.2266245
7.229772
51.509533
6.7621355
5.626275
1.0269307
0.29609892
1.3630743
38.721203
0.29609892
49.656235
7.059902
0.29609892
32.58361
6.4818983
0.7695953
7.114833
0.29609892
6.887554
0.29609892
0.29609892
0.29609892
1.4584308
5.1446877
1.3995101
1.5769439
0.29609892
48.68874
23.894804
1.3483291
0.29609892
6.5457463
1.2899818
5.263502
0.29609892
5.9632874
5.4427366
6.416953
1.5506924
53.729805
0.29609892
6.888527
6.847376
5.9547567
5.43383
37.693882
0.29609892
38.092724
0.29609892
1.4548793
55.0619
7.3149853
6.530411
5.7805147
7.101554
29.869444
43.209545
0.323876
60.677086
36.19761
5.734846
6.5561266
0.29609892
1.8209946
1.5218717
42.11874
0.29609892
0.29609892
